node[0].value = 41.000000
node[1].value = 491.000000
node[2].value = 2995.000000
node[3].value = 4827.000000
node[4].value = 5436.000000
node[5].value = 5705.000000
node[6].value = 6334.000000
node[7].value = 9961.000000
node[8].value = 11478.000000
node[9].value = 11942.000000
node[10].value = 15724.000000
node[11].value = 16827.000000
node[12].value = 18467.000000
node[13].value = 19169.000000
node[14].value = 23281.000000
node[15].value = 24464.000000
node[16].value = 26500.000000
node[17].value = 26962.000000
node[18].value = 28145.000000
node[19].value = 29358.000000
node[20].value = 32391.000000
